1.096430055881011867e+03 2.693202586902405528e+03
1.474225087415252347e+03 3.147863799338905665e+03
1.083129264823605126e+03 2.631034525134362411e+03
1.192832261768184480e+03 2.978063612305075367e+03
1.016780712259975303e+03 2.649176159491340513e+03
1.017637806563243430e+03 2.667464237867814518e+03
1.261778260001876561e+03 2.840919185177725012e+03
1.079035886419358576e+03 2.594794058227842470e+03
1.129240045864566127e+03 2.808699037270045665e+03
1.144745766850250220e+03 2.678379832501510464e+03
1.017026298872730081e+03 2.653763228462656116e+03
1.105272049462948416e+03 2.867378502364497763e+03
1.254887615049641681e+03 2.977278610256335014e+03
1.472839028796515777e+03 3.696757426433359797e+03
1.177933038210991072e+03 2.778790834735065800e+03
1.100466579082895123e+03 2.872906802177416466e+03
1.316037382438067425e+03 2.998182693661652593e+03
1.202910124298578012e+03 2.728919765405420549e+03
1.239885478684846021e+03 2.769793993738841891e+03
1.149509261816723438e+03 2.689437046612356426e+03
